0
0
0
0
0
1
1
2
3
4
5
6
7
8
9
11
12
14
15
17
19
20
22
24
26
28
30
32
35
37
39
42
44
46
49
51
54
56
59
62
64
67
70
72
75
78
81
83
86
89
92
95
98
101
104
107
110
113
116
119
123
126
129
132
135
138
142
145
148
151
154
158
161
164
168
171
174
177
181
184
188
191
194
198
201
204
208
211
215
218
221
225
228
232
235
239
242
246
249
252
256
259
263
267
270
273
277
280
284
288
291
295
298
302
305
310
313
317
320
324
327
331
335
338
342
345
349
352
356
359
363
367
370
374
377
381
385
388
392
395
399
402
406
409
413
417
420
424
428
431
435
439
442
446
449
455
458
462
466
469
473
477
480
484
487
491
495
498
502
505
509
513
516
520
523
527
531
534
538
542
545
549
554
557
561
564
568
572
575
579
583
586
590
593
597
601
604
608
612
615
619
622
626
630
633
637
641
644
649
652
656
660
663
667
671
674
678
682
685
689
692
696
700
703
707
711
714
718
722
725
729
733
736
740
743
748
752
755
759
762
766
770
773
777
781
784
788
792
795
799
802
806
810
814
817
821
824
828
832
835
839
842
846
850
853
857
861
864
868
872
877
881
885
888
892
896
899
903
906
910
914
917
921
925
928
932
936
939
943
947
950
954
957
961
965
968
974
978
981
985
988
992
996
999
1003
1007
1010
1014
1018
1021
1025
1029
1032
1036
1041
1044
1048
1051
1055
1059
1062
1066
1070
1073
1077
1081
1084
1090
1093
1097
1101
1104
1108
1112
1115
1119
1123
1126
1130
1133
1137
1141
1145
1148
1152
1155
1159
1163
1166
1170
1174
1177
1181
1185
1188
1192
1195
1199
1203
1206
1210
1214
1219
1223
1227
1230
1234
1238
1241
1245
1248
1252
1256
1259
1263
1267
1270
1274
1278
1281
1286
1290
1293
1297
1300
1304
1308
1311
1315
1319
1322
1326
1330
1335
1339
1342
1346
1350
1354
1357
1361
1365
1368
1372
1375
1379
1383
1386
1390
1394
1397
1401
1405
1408
1412
1416
1419
1423
1426
1432
1436
1439
1443
1447
1450
1454
1458
1461
1465
1469
1472
1476
1479
1483
1487
1490
1494
1498
1501
1505
1509
1512
1516
1520
1523
1527
1531
1534
1538
1541
1545
1549
1552
1556
1560
1564
1567
1571
1574
1580
1584
1587
1591
1595
1598
1602
1606
1609
1613
1617
1620
1624
1627
1631
1635
1638
1642
1646
1649
1653
1657
1660
1664
1668
1671
1676
1679
1683
1687
1690
1694
1698
1702
1705
1712
1716
1719
1723
1726
1730
1734
1737
1741
1745
1748
1752
1756
1759
1763
1766
1770
1774
1777
1781
1785
1788
1792
1796
1799
1803
1807
1810
1814
1818
1821
1825
1829
1832
1836
1840
1843
1847
1850
1854
1858
1861
1865
1869
1872
1876
1880
1883
1887
1891
1894
1898
1902
1905
1909
1913
1916
1920
1923
1927
1931
1934
1938
1942
1945
1949
1953
1956
1960
1964
1967
1971
1974
1978
1982
1986
1989
1993
1996
2000
2004
2007
2011
2015
2018
2022
2026
2029
2033
2037
2040
2044
2049
2052
2056
2059
2063
2067
2071
2074
2078
2081
2085
2089
2092
2098
2102
2105
2109
2112
2116
2119
2122
2125
2128
2132
2134
2137
2140
2143
2145
2147
2150
2152
2154
2156
2159
2161
2163
2164
2166
2168
2170
2171
2173
2174
2176
2177
2179
2180
2181
2183
2184
2185
2186
2187
2188
2189
2190
2191
2192
2193
2194
2194
2195
2196
2197
2197
2198
2198
2199
2199
2200
2201
2201
2201
2202
2202
2203
2203
2204
2204
2204
2205
2205
2205
2205
2206
2206
2206
2206
2207
2207
2207
2207
2207
2208
2208
2208
2208
2208
2209
2209
2209
2209
2209
2209
2209
2209
2210
2210
2210
2210
2210
2210
2210
2210
2210
2210
2210
2210
2210
2210
2210
2210
2210
2210
2210
2210
2210
2210
2210
2209
2209
2209
2209
2209
2209
2209
2209
2209
2209
2209
2209
2209
2209
2209
2208
2208
2208
2208
2208
2208
2208
2208
2208
2208
2208
2208
2208
2208
2208
2208
2208
2208
2208
2208
2208
2208
2208
2208
2208
2208
2208
2208
2208
2208
2208
2208
2208
2208
2208
2208
2208
2208
2208
2208
2208
2208
2208
2208
2208
2208
2208
2208
2208
2208
2208
2208
2208
2208
2208
2208
2208
2208
2208
2208
2208
2208
2208
2208
2208
2208
2208
2208
2208
2208
2208
2208
2208
2208
2208
2208
2208
2208
2208
2208
2208
2208
2208
2208
2208
2208
2208
2208
2208
2208
2208
2208
2208
2208
2208
2208
2208
2208
2208
2208
2208
2208
2208
2208
2208
2208
2208
2208
2208
2208
2208
2208
2208
2208
2208
2208
2208
2208
2208
2208
2208
2208
2208
2208
2208
2208
2208
2208
2208
2208
2208
2208
2208
2208
2208
2208
2208
2208
2208
2208
2208
2208
2208
2208
2208
2208
2208
2208
2208
2208
2208
2208
2208
2208
2208
2208
2208
2208
2208
2208
2208
2208
2208
2208
2208
2208
2208
2208
2208
2208
2208
2208
2208
2208
2208
2208
2208
2208
2208
2208
2208
2208
2208
2208
2208
2208
2208
2208
2208
2208
2208
2208
2208
2208
2208
2208
2208
2208
2208
2208
2208
2208
2208
2208
2208
2208
2208
2208
2208
2208
2208
2208
2208
2208
2208
2208
2208
2208
2208
2208
2208
2208
2208
2208
2208
2208
2208
2208
2208
2208
2208
2208
2208
2208
2208
2208
2208
2208
2208
2208
2208
2208
2208
2208
2208
2208
2208
2208
2208
2208
2208
2208
2208
2208
2208
2208
2208
2208
2208
2208
2208
2208
2208
2208
2208
2208
2208
2208
2208
2208
2208
2208
2208
2208
2208
2208
2208
2208
2208
2208
2208
2208
2208
2208
2208
2208
2208
2208
2208
2208
2208
2208
2208
2208
2208
2208
2208
2208
2208
2208
2208
2208
2208
2208
2208
2208
2208
2208
2208
2208
2208
2208
2208
2208
2208
2208
2208
2208
2208
2208
2208
2208
2208
2208
2208
2208
2208
2208
2208
2208
2208
2208
2208
2208
2208
2208
2208
2208
2208
2208
2208
2208
2208
2208
2208
2208
2208
2208
2208
2208
2208
2208
2208
2208
2208
2208
2208
2208
2208
2208
2208
2208
2208
2208
2208
2208
2208
2208
2208
2208
2208
2208
2208
2208
2208
2208
2208
2208
2208
2208
2208
2208
2208
2208
2208
2208
2208
2208
2208
2208
2208
2208
2208
2208
2208
2208
2208
2208
2208
2208
2208
2208
2208
2208
2208
2208
2208
2208
2208
2208
2208
2208
2208
2208
2208
2208
2208
2208
2208
2208
2208
2208
2208
2208
2208
2208
2208
2208
2208
2208
2208
2208
2208
2208
2208
2208
2208
2208
2208
2208
2208
2208
2208
2208
2208
2208
2208
2208
2208
2208
2208
2208
2208
2208
2208
2208
2208
2208
2208
2208
2208
2208
2208
2208
2208
2208
2208
2208
2208
2208


