0
0
0
0
0
0
1
1
2
3
4
5
6
8
9
11
12
14
16
17
19
21
23
25
27
30
32
34
37
39
42
44
47
49
52
55
57
60
63
66
69
72
75
78
81
84
87
90
93
96
100
103
106
109
112
116
119
123
126
129
133
136
140
143
147
150
154
157
160
164
168
171
175
179
182
188
192
195
199
203
207
211
214
218
222
226
229
233
239
243
246
250
254
257
261
265
269
273
276
280
284
290
294
298
301
305
309
313
317
321
324
328
332
338
342
346
349
353
357
361
365
369
373
377
381
385
391
394
398
402
406
410
414
418
422
426
430
434
440
443
447
451
455
459
463
467
471
475
479
483
487
491
495
499
505
508
512
516
520
524
528
532
536
540
544
548
552
556
560
564
568
572
576
580
585
589
593
597
601
605
609
612
617
621
625
629
636
640
643
647
651
655
659
663
667
671
675
679
683
687
691
695
700
704
708
712
716
720
724
728
734
738
742
746
750
754
758
762
766
770
774
778
784
788
792
796
802
806
810
814
818
822
826
830
834
838
842
846
850
854
858
862
866
870
874
878
882
886
890
894
901
905
909
913
917
921
925
929
934
939
942
946
952
956
960
964
968
973
977
981
985
989
993
997
1001
1004
1008
1012
1017
1021
1025
1029
1035
1039
1043
1047
1051
1055
1059
1063
1067
1071
1075
1079
1083
1087
1091
1095
1100
1104
1108
1112
1116
1120
1124
1128
1132
1136
1140
1144
1148
1152
1156
1160
1164
1168
1172
1176
1180
1184
1188
1192
1198
1202
1206
1210
1214
1218
1222
1226
1233
1237
1241
1245
1249
1253
1257
1261
1265
1269
1273
1277
1281
1285
1289
1293
1297
1301
1305
1309
1313
1317
1322
1325
1330
1334
1338
1341
1348
1351
1355
1359
1364
1368
1372
1376
1381
1385
1389
1393
1398
1402
1406
1410
1414
1418
1422
1426
1430
1434
1438
1442
1446
1450
1454
1458
1462
1466
1470
1474
1478
1482
1486
1490
1494
1498
1502
1506
1510
1514
1518
1522
1528
1532
1536
1540
1544
1548
1552
1556
1560
1564
1568
1572
1576
1580
1584
1588
1592
1596
1600
1604
1608
1612
1616
1620
1628
1632
1636
1640
1644
1648
1652
1656
1661
1665
1669
1673
1679
1683
1687
1691
1695
1699
1703
1707
1711
1715
1719
1723
1731
1735
1739
1743
1747
1751
1755
1759
1763
1767
1771
1775
1783
1787
1791
1795
1800
1804
1808
1812
1816
1820
1824
1828
1834
1838
1842
1846
1850
1854
1858
1862
1866
1870
1874
1878
1882
1886
1890
1894
1898
1902
1906
1910
1915
1919
1923
1927
1931
1935
1939
1943
1948
1952
1956
1960
1964
1968
1972
1976
1980
1984
1988
1994
1998
2002
2006
2010
2014
2018
2022
2026
2030
2034
2038
2044
2048
2052
2056
2060
2064
2068
2072
2076
2080
2084
2088
2094
2098
2102
2106
2110
2114
2118
2122
2126
2131
2134
2138
2142
2146
2150
2154
2159
2163
2167
2171
2176
2180
2184
2188
2194
2198
2202
2206
2210
2214
2218
2222
2228
2232
2236
2240
2244
2248
2252
2256
2260
2264
2268
2272
2280
2284
2288
2292
2298
2302
2306
2310
2314
2318
2323
2326
2331
2335
2339
2343
2347
2351
2355
2359
2363
2367
2371
2374
2378
2381
2385
2388
2392
2395
2398
2401
2404
2407
2409
2412
2415
2417
2420
2422
2424
2426
2429
2431
2433
2434
2436
2438
2440
2441
2443
2445
2446
2448
2449
2450
2452
2453
2454
2455
2457
2458
2459
2460
2461
2462
2463
2463
2464
2465
2466
2467
2467
2468
2469
2469
2470
2471
2471
2472
2472
2473
2473
2473
2474
2474
2475
2475
2475
2476
2476
2476
2477
2477
2477
2477
2478
2478
2478
2478
2478
2478
2479
2479
2479
2479
2479
2479
2479
2480
2480
2480
2480
2480
2480
2481
2481
2481
2481
2481
2481
2481
2481
2481
2481
2481
2482
2482
2482
2482
2482
2482
2482
2482
2482
2482
2482
2482
2482
2482
2482
2482
2482
2482
2482
2481
2481
2481
2481
2481
2481
2481
2481
2481
2481
2481
2481
2481
2481
2481
2481
2481
2481
2481
2481
2481
2481
2481
2481
2481
2481
2481
2481
2481
2481
2481
2481
2481
2481
2481
2481
2481
2481
2481
2481
2481
2481
2481
2481
2481
2481
2481
2481
2481
2481
2481
2481
2481
2481
2481
2481
2481
2481
2481
2481
2481
2481
2481
2481
2481
2481
2481
2481
2481
2481
2481
2481
2481
2481
2481
2481
2481
2481
2481
2481
2481
2481
2481
2481
2481
2481
2481
2481
2481
2481
2481
2481
2481
2481
2481
2481
2481
2481
2481
2481
2481
2481
2481
2481
2481
2481
2481
2481
2481
2481
2481
2481
2481
2481
2481
2481
2481
2481
2481
2481
2481
2481
2481
2481
2481
2481
2481
2481
2481
2481
2481
2481
2481
2481
2481
2481
2481
2481
2481
2481
2481
2481
2481
2481
2481
2481
2481
2481
2481
2481
2481
2481
2481
2481
2481
2481
2481
2481
2481
2481
2481
2481
2481
2481
2481
2481
2481
2481
2481
2481
2481
2481
2481
2481
2481
2481
2481
2481
2481
2481
2481
2481
2481
2481
2481
2481
2481
2481
2481
2481
2481
2481
2481
2481
2481
2481
2481
2481
2481
2481
2481
2481
2481
2481
2481
2481
2481
2481
2481
2481
2481
2481
2481
2481
2481
2481
2481
2481
2481
2481
2481
2481
2481
2481
2481
2481
2481
2481
2481
2481
2481
2481
2481
2481
2481
2481
2481
2481
2481
2481
2481
2481
2481
2481
2481
2481
2481
2481
2481
2481
2481
2481
2481
2481
2481
2481
2481
2481
2481
2481
2481
2481
2481
2481
2481
2481
2481
2481
2481
2481
2481
2481
2481
2481
2481
2481
2481
2481
2481
2481
2481
2481
2481
2481
2481
2481
2481
2481
2481
2481
2481
2481
2481
2481
2481
2481
2481
2481
2481
2481
2481
2481
2481
2481
2481
2481
2481
2481
2481
2481
2481
2481
2481
2481
2481
2481
2481
2481
2481
2481
2481
2481
2481
2481
2481
2481
2481
2481
2481
2481
2481
2481
2481
2481
2481
2481
2481
2481
2481
2481
2481
2481
2481
2481
2481
2481
2481
2481
2481
2481
2481
2481
2481
2481
2481
2481
2481
2481
2481
2481
2481
2481
2481
2481
2481
2481
2481
2481
2481
2481
2481
2481
2481
2481
2481
2481
2481
2481
2481
2481
2481
2481
2481
2481
2481
2481
2481
2481
2481
2481
2481
2481
2481
2481
2481
2481
2481
2481
2481
2481
2481
2481
2481
2481
2481
2481
2481
2481
2481
2481
2481
2481
2481
2481
2481
2481
2481
2481
2481
2481
2481
2481
2481
2481
2481
2481
2481
2481
2481
2481
2481
2481
2481
2481
2481
2481
2481
2481
2481
2481
2481
2481
2481
2481
2481
2481
2481
2481
2481
2481
2481
2481
2481
2481
2481
2481
2481
2481
2481
2481
2481
2481
2481
2481
2481
2481
2481
2481
2481
2481
2481
2481
2481
2481
2481


