0
0
0
0
0
0
1
2
3
3
5
6
7
8
10
12
13
15
17
19
21
23
26
28
30
33
35
38
40
43
46
49
51
54
57
60
63
66
69
72
76
79
82
85
89
92
95
99
102
106
109
113
116
120
123
127
131
134
138
142
146
149
153
157
161
164
168
172
176
180
184
188
192
196
200
204
208
212
216
220
224
228
232
236
240
244
248
252
256
260
264
269
273
277
281
285
290
294
298
302
306
310
315
319
323
327
332
337
342
346
350
355
359
363
368
372
376
381
385
390
394
399
403
407
411
416
420
425
429
433
440
444
448
453
457
461
465
470
474
479
483
487
492
496
500
505
509
513
518
522
527
531
535
540
544
548
553
557
561
566
570
575
579
584
588
592
597
601
605
610
614
619
623
628
633
637
642
646
650
655
659
664
668
673
677
683
688
692
696
701
705
710
714
719
723
727
732
736
740
745
749
754
758
763
767
772
776
780
785
789
794
798
802
807
811
816
820
824
829
833
838
842
847
851
855
860
864
869
873
878
882
886
891
895
900
904
908
913
917
922
926
931
935
939
944
948
953
957
962
966
970
975
979
984
988
992
997
1001
1006
1010
1015
1021
1025
1030
1034
1038
1043
1047
1052
1056
1061
1065
1070
1074
1078
1083
1087
1092
1096
1101
1105
1109
1114
1119
1124
1128
1133
1137
1141
1146
1150
1155
1159
1163
1168
1172
1177
1181
1186
1190
1194
1199
1203
1208
1212
1217
1221
1225
1230
1234
1239
1243
1248
1252
1257
1261
1265
1270
1274
1279
1283
1287
1292
1296
1301
1305
1310
1314
1318
1323
1327
1332
1336
1341
1345
1350
1354
1358
1363
1367
1372
1376
1380
1385
1389
1394
1398
1403
1408
1412
1417
1421
1426
1430
1435
1439
1444
1448
1452
1457
1461
1466
1470
1475
1479
1483
1488
1492
1497
1501
1506
1510
1514
1519
1523
1528
1532
1537
1541
1546
1550
1554
1559
1563
1569
1573
1577
1582
1586
1591
1595
1600
1604
1609
1615
1619
1624
1628
1633
1637
1642
1646
1650
1655
1659
1664
1668
1672
1677
1681
1686
1690
1695
1701
1705
1710
1715
1720
1724
1729
1733
1738
1742
1748
1753
1757
1762
1766
1771
1775
1779
1784
1788
1793
1797
1802
1806
1810
1817
1821
1826
1830
1835
1839
1843
1848
1852
1857
1861
1866
1870
1874
1879
1883
1888
1892
1898
1902
1906
1911
1915
1920
1924
1929
1933
1937
1942
1946
1951
1955
1959
1964
1968
1973
1977
1982
1986
1991
1995
1999
2004
2008
2013
2017
2021
2026
2030
2035
2039
2046
2050
2055
2059
2063
2068
2072
2077
2081
2085
2090
2095
2099
2103
2109
2113
2117
2122
2126
2131
2135
2140
2144
2149
2153
2159
2164
2168
2173
2177
2182
2186
2191
2196
2200
2205
2209
2213
2218
2222
2227
2231
2236
2240
2245
2249
2253
2258
2262
2267
2271
2275
2280
2284
2289
2293
2298
2302
2306
2311
2315
2320
2324
2329
2333
2337
2342
2346
2351
2355
2360
2364
2369
2373
2377
2382
2386
2391
2395
2399
2404
2408
2413
2417
2422
2426
2431
2435
2439
2444
2448
2453
2457
2461
2466
2470
2475
2479
2484
2488
2492
2497
2501
2506
2510
2515
2519
2524
2530
2534
2539
2543
2547
2552
2556
2560
2564
2568
2572
2576
2580
2583
2587
2590
2593
2596
2599
2602
2605
2608
2611
2613
2616
2618
2621
2623
2625
2627
2629
2631
2633
2635
2637
2639
2641
2642
2644
2646
2647
2648
2650
2651
2653
2654
2655
2656
2657
2658
2659
2660
2661
2662
2663
2664
2665
2666
2667
2667
2668
2669
2669
2670
2671
2671
2672
2672
2673
2673
2674
2674
2675
2675
2675
2676
2676
2676
2677
2677
2677
2677
2678
2678
2678
2679
2679
2679
2679
2679
2680
2680
2680
2680
2680
2681
2681
2681
2681
2681
2681
2681
2681
2681
2681
2681
2681
2681
2682
2682
2682
2682
2682
2682
2682
2682
2682
2682
2682
2682
2682
2682
2682
2682
2682
2682
2682
2682
2682
2682
2682
2682
2682
2682
2682
2682
2682
2682
2682
2682
2681
2681
2681
2681
2681
2681
2681
2681
2681
2681
2681
2681
2681
2681
2681
2681
2681
2681
2681
2681
2681
2681
2681
2681
2681
2681
2681
2681
2681
2681
2681
2681
2681
2681
2681
2681
2681
2681
2681
2681
2681
2681
2681
2680
2680
2680
2680
2680
2680
2680
2680
2680
2680
2680
2680
2680
2680
2680
2680
2680
2680
2679
2679
2679
2679
2679
2679
2679
2679
2679
2679
2679
2679
2679
2679
2679
2679
2679
2679
2679
2679
2679
2679
2679
2679
2679
2679
2679
2679
2679
2679
2679
2679
2679
2679
2679
2679
2679
2679
2679
2679
2679
2679
2679
2679
2679
2679
2679
2679
2679
2679
2679
2679
2679
2679
2679
2679
2679
2679
2679
2679
2679
2679
2679
2679
2679
2679
2679
2679
2679
2679
2679
2679
2679
2679
2679
2679
2679
2679
2679
2679
2679
2679
2679
2679
2679
2679
2679
2679
2679
2679
2679
2679
2679
2679
2679
2679
2679
2679
2679
2679
2679
2679
2679
2679
2679
2679
2679
2679
2679
2679
2679
2679
2679
2679
2679
2679
2679
2679
2679
2679
2679
2679
2679
2679
2679
2679
2679
2679
2679
2679
2679
2679
2679
2679
2679
2679
2679
2679
2679
2679
2679
2679
2679
2679
2679
2679
2679
2679
2679
2679
2679
2679
2679
2679
2679
2679
2679
2679
2679
2679
2679
2679
2679
2679
2679
2679
2679
2679
2679
2679
2679
2679
2679
2679
2679
2679
2679
2679
2679
2679
2679
2679
2679
2679
2679
2679
2679
2679
2679
2679
2679
2679
2679
2679
2679
2679
2679
2679
2679
2679
2679
2679
2679
2679
2679
2679
2679
2679
2679
2679
2679
2679
2679
2679
2679
2679
2679
2679
2679
2679
2679
2679
2679
2679
2679
2679
2679
2679
2679
2679
2679
2679
2679
2679
2679
2679
2679
2679
2679
2679
2679
2679
2679
2679
2679
2679
2679
2679
2679
2679
2679
2679
2679
2679
2679
2679
2679
2679
2679
2679
2679
2679
2679
2679
2679
2679
2679
2679
2679
2679
2679
2679
2679
2679
2679
2679
2679
2679
2679
2679
2679
2679
2679
2679
2679
2679
2679
2679
2679
2679
2679
2679
2679
2679
2679
2679
2679
2679
2679
2679
2679
2679
2679
2679
2679
2679
2679
2679
2679
2679
2679
2679
2679
2679
2679
2679
2679
2679
2679
2679
2679
2679
2679
2679
2679
2679
2679
2679
2679
2679
2679
2679
2679
2679
2679
2679
2679
2679
2679
2679
2679
2679
2679
2679
2679
2679
2679
2679
2679
2679
2679
2679
2679
2679
2679
2679
2679
2679
2679
2679
2679
2679
2679
2679
2679
2679
2679
2679
2679
2679
2679
2679
2679
2679
2679
2679
2679
2679
2679
2679
2679
2679
2679
2679
2679
2679
2679
2679
2679
2679
2679
2679
2679
2679
2679
2679
2679
2679
2679
2679
2679
2679
2679


