0
0
0
0
0
0
0
0
0
1
1
1
2
2
3
3
4
4
5
6
6
7
8
8
9
10
11
12
12
13
14
15
16
17
18
19
20
21
22
23
24
25
26
27
28
29
30
31
32
34
35
36
37
38
39
41
42
43
44
45
47
48
49
50
51
53
54
55
56
58
59
60
62
63
64
65
67
68
69
70
72
73
74
76
77
78
80
81
82
84
85
86
88
89
90
92
93
94
96
97
98
100
101
102
104
105
107
108
109
111
112
113
115
116
117
119
120
122
123
124
126
127
128
130
131
132
134
135
137
138
139
141
142
144
145
146
148
149
150
152
153
155
156
157
159
160
162
163
164
166
167
168
170
171
172
174
175
177
178
180
181
182
184
185
187
188
189
191
192
194
195
196
198
199
201
202
203
205
206
208
209
210
212
213
214
216
217
219
220
221
223
224
226
227
228
230
231
233
234
235
237
238
240
241
242
244
245
247
248
250
251
252
254
255
256
258
259
260
262
263
265
266
268
269
270
272
273
275
276
277
279
280
282
283
284
286
287
289
290
291
293
294
296
297
298
300
301
303
304
305
307
308
310
311
312
314
315
316
318
319
321
322
323
325
326
328
329
331
332
333
335
336
338
339
340
342
343
344
346
347
349
350
351
353
354
356
357
358
360
361
363
364
365
367
368
370
371
372
374
375
377
378
380
381
382
384
385
386
388
389
391
392
394
395
396
398
399
400
402
403
405
406
407
409
410
412
413
414
416
417
419
420
421
423
424
426
427
428
430
431
433
434
435
437
438
440
441
443
444
445
447
448
449
451
452
454
455
456
458
459
460
462
463
465
466
468
469
470
472
473
475
476
477
479
480
482
483
484
486
487
489
490
492
493
494
496
497
498
500
501
503
504
505
507
508
510
511
512
514
515
516
518
519
521
522
524
525
526
528
529
531
532
533
535
536
538
539
540
542
543
545
546
547
549
550
552
553
554
556
557
559
560
561
563
564
566
567
568
570
571
573
574
575
577
578
580
581
582
584
585
587
588
590
591
592
594
595
596
598
599
601
602
603
605
606
608
609
610
612
613
615
616
617
619
620
622
623
624
626
627
629
630
632
633
634
636
637
639
640
641
643
644
646
647
648
650
651
652
654
655
657
658
660
661
662
664
665
667
668
669
671
672
674
675
676
678
679
681
682
683
685
686
688
689
690
692
693
695
696
697
699
700
702
703
704
706
707
708
710
711
713
714
716
717
718
720
721
723
724
725
727
728
730
731
732
734
735
737
738
739
741
742
744
745
746
748
749
751
752
753
755
756
758
759
760
762
763
765
766
767
769
770
772
773
775
776
777
779
780
782
783
784
786
787
788
790
791
793
794
796
797
798
800
801
802
804
805
806
807
808
809
810
811
812
813
814
815
816
816
817
818
819
819
820
820
821
822
822
823
823
824
824
824
825
825
826
826
826
827
827
827
828
828
828
828
828
829
829
829
829
829
830
830
830
830
830
830
830
831
831
831
831
831
831
831
832
832
832
832
832
832
832
832
832
833
833
833
833
833
833
833
833
833
833
833
833
833
833
833
833
833
833
833
833
833
833
832
832
832
832
832
832
832
832
832
832
832
832
832
832
832
832
832
832
832
832
832
832
831
831
831
831
831
831
831
831
831
831
831
831
831
831
831
831
831
831
831
831
831
831
831
831
831
831
831
831
831
831
831
831
831
831
831
831
831
831
831
831
831
831
831
831
831
831
831
831
831
831
831
831
831
831
831
831
831
831
831
831
831
831
831
831
831
831
831
831
831
831
831
831
831
831
831
831
831
831
831
831
831
831
831
831
831
831
831
831
831
831
831
831
831
831
831
831
831
831
831
831
831
831
831
831
831
831
831
831
831
831
831
831
831
831
831
831
831
831
831
831
831
831
831
831
831
831
831
831
831
831
831
831
831
831
831
831
831
831
831
831
831
831
831
831
831
831
831
831
831
831
831
831
831
831
831
831
831
831
831
831
831
831
831
831
831
831
831
831
831
831
831
831
831
831
831
831
831
831
831
831
831
831
831
831
831
831
831
831
831
831
831
831
831
831
831
831
831
831
831
831
831
831
831
831
831
831
831
831
831
831
831
831
831
831
831
831
831
831
831
831
831
831
831
831
831
831
831
831
831
831
831
831
831
831
831
831
831
831
831
831
831
831
831
831
831
831
831
831
831
831
831
831
831
831
831
831
831
831
831
831
831
831
831
831
831
831
831
831
831
831
831
831
831
831
831
831
831
831
831
831
831
831
831
831
831
831
831
831
831
831
831
831
831
831
831
831
831
831
831
831
831
831
831
831
831
831
831
831
831
831
831
831
831
831
831
831
831
831
831
831
831
831
831
831
831
831
831
831
831
831
831
831
831
831
831
831
831
831
831
831
831
831
831
831
831
831
831
831
831
831
831
831
831
831
831
831
831
831
831
831
831
831
831
831
831
831
831
831
831
831
831
831
831
831
831
831
831
831
831
831
831
831
831
831
831
831
831
831
831
831
831
831
831
831
831
831
831
831
831
831
831
831
831
831
831
831
831
831
831
831
831
831
831
831
831
831
831
831
831
831
831
831
831
831
831
831
831
831
831
831
831
831
831
831
831
831
831
831
831
831
831
831
831
831
831
831
831
831
831
831
831
831
831
831
831
831
831
831
831
831
831
831
831
831
831
831
831
831
831
831
831
831
831
831
831
831
831
831
831
831
831
831
831


