0
-1
-1
-1
0
0
0
0
0
1
1
2
2
3
3
4
5
5
6
7
8
8
9
10
11
12
13
14
15
17
18
19
20
21
22
24
25
26
27
28
30
31
32
34
35
37
38
39
41
42
43
45
46
48
49
51
52
54
55
57
58
60
61
63
64
66
68
69
71
72
74
76
77
79
80
82
84
85
87
88
90
92
94
95
97
98
100
102
104
105
107
108
110
112
114
115
117
119
120
122
124
126
127
129
131
132
134
136
138
139
141
143
144
146
148
150
151
153
155
156
158
160
162
164
165
167
169
170
172
174
176
178
179
181
183
184
186
188
190
191
193
195
197
199
200
202
204
205
207
209
211
213
214
216
218
220
221
223
225
227
228
230
232
234
235
237
239
241
243
244
246
248
250
251
253
255
257
259
260
262
264
266
267
269
271
273
274
276
278
280
282
283
285
287
288
290
292
294
296
297
299
301
303
304
306
308
310
312
313
315
317
319
320
322
324
326
328
329
331
333
335
336
338
340
342
344
345
347
349
351
352
354
356
358
360
361
363
365
367
368
370
372
374
376
377
379
381
383
384
386
388
390
392
393
395
397
399
400
402
404
406
407
409
411
413
415
416
418
420
422
423
425
427
429
430
432
434
436
438
439
441
443
445
446
448
450
452
454
455
457
459
461
463
464
466
468
470
471
473
475
477
478
480
482
484
486
487
489
491
493
494
496
498
500
502
503
505
507
509
510
512
514
516
518
519
521
523
525
526
528
530
532
533
535
537
539
540
542
544
546
548
550
551
553
555
557
558
560
562
564
566
567
569
571
573
574
576
578
580
581
583
585
587
588
590
592
594
596
598
599
601
603
605
606
608
610
612
614
615
617
619
621
622
624
626
628
629
631
633
635
636
638
640
642
644
646
647
649
651
653
654
656
658
660
662
663
665
667
669
670
672
674
676
677
679
681
683
684
686
688
690
692
694
695
697
699
701
702
704
706
708
710
711
713
715
717
718
720
722
724
726
727
729
731
733
734
736
738
740
742
743
745
747
749
750
752
754
756
758
759
761
763
765
766
768
770
772
774
775
777
779
781
782
784
786
788
790
791
793
795
797
799
800
802
804
806
807
809
811
813
814
816
818
820
822
823
825
827
829
830
832
834
836
838
839
841
843
845
847
848
850
852
854
855
857
859
861
863
864
866
868
870
872
873
875
877
879
880
882
884
886
888
889
891
893
895
896
898
900
902
904
905
907
909
911
912
914
916
918
920
921
923
925
927
928
930
932
934
936
937
939
941
943
945
946
948
950
952
953
955
957
959
960
962
964
966
968
969
971
973
975
976
978
980
982
984
986
987
989
991
993
994
996
998
1000
1002
1003
1005
1007
1009
1010
1012
1014
1016
1017
1019
1020
1022
1023
1025
1026
1028
1029
1030
1031
1032
1033
1034
1035
1036
1037
1038
1039
1040
1041
1042
1042
1043
1044
1044
1045
1045
1046
1046
1047
1048
1048
1048
1049
1049
1050
1050
1051
1051
1051
1052
1052
1052
1052
1053
1053
1053
1054
1054
1054
1054
1054
1055
1055
1055
1055
1055
1056
1056
1056
1056
1056
1056
1056
1057
1057
1057
1057
1057
1057
1057
1057
1057
1057
1057
1057
1057
1057
1057
1057
1057
1057
1057
1057
1057
1057
1057
1057
1057
1057
1057
1056
1056
1056
1056
1056
1056
1056
1056
1056
1056
1056
1056
1056
1055
1055
1055
1055
1055
1055
1055
1055
1055
1055
1055
1055
1055
1055
1055
1055
1055
1055
1055
1055
1055
1055
1055
1055
1055
1055
1055
1055
1055
1055
1055
1055
1055
1055
1055
1055
1055
1055
1055
1055
1055
1055
1055
1055
1055
1055
1055
1055
1055
1055
1055
1055
1055
1055
1055
1055
1055
1055
1055
1055
1055
1055
1055
1055
1055
1055
1055
1055
1055
1055
1055
1055
1055
1055
1055
1055
1055
1055
1055
1055
1055
1055
1055
1055
1055
1055
1055
1055
1055
1055
1055
1055
1055
1055
1055
1055
1055
1055
1055
1055
1055
1055
1055
1055
1055
1055
1055
1055
1055
1055
1055
1055
1055
1055
1055
1055
1055
1055
1055
1055
1055
1055
1055
1055
1055
1055
1055
1055
1055
1055
1055
1055
1055
1055
1055
1055
1055
1055
1055
1055
1055
1055
1055
1055
1055
1055
1055
1055
1055
1055
1055
1055
1055
1055
1055
1055
1055
1055
1055
1055
1055
1055
1055
1055
1055
1055
1055
1055
1055
1055
1055
1055
1055
1055
1055
1055
1055
1055
1055
1055
1055
1055
1055
1055
1055
1055
1055
1055
1055
1055
1055
1055
1055
1055
1055
1055
1055
1055
1055
1055
1055
1055
1055
1055
1055
1055
1055
1055
1055
1055
1055
1055
1055
1055
1055
1055
1055
1055
1055
1055
1055
1055
1055
1055
1055
1055
1055
1055
1055
1055
1055
1055
1055
1055
1055
1055
1055
1055
1055
1055
1055
1055
1055
1055
1055
1055
1055
1055
1055
1055
1055
1055
1055
1055
1055
1055
1055
1055
1055
1055
1055
1055
1055
1055
1055
1055
1055
1055
1055
1055
1055
1055
1055
1055
1055
1055
1055
1055
1055
1055
1055
1055
1055
1055
1055
1055
1055
1055
1055
1055
1055
1055
1055
1055
1055
1055
1055
1055
1055
1055
1055
1055
1055
1055
1055
1055
1055
1055
1055
1055
1055
1055
1055
1055
1055
1055
1055
1055
1055
1055
1055
1055
1055
1055
1055
1055
1055
1055
1055
1055
1055
1055
1055
1055
1055
1055
1055
1055
1055
1055
1055
1055
1055
1055
1055
1055
1055
1055
1055
1055
1055
1055
1055
1055
1055
1055
1055
1055
1055
1055
1055
1055
1055
1055
1055
1055
1055
1055
1055
1055
1055
1055
1055
1055
1055
1055
1055
1055
1055
1055
1055
1055
1055
1055
1055
1055
1055
1055
1055
1055
1055
1055
1055
1055
1055
1055
1055
1055
1055
1055
1055
1055
1055
1055
1055
1055
1055
1055
1055
1055
1055
1055
1055
1055
1055
1055
1055
1055
1055
1055
1055
1055
1055
1055
1055
1055
1055
1055
1055
1055
1055
1055
1055
1055
1055
1055
1055
1055
1055
1055
1055
1055
1055
1055
1055
1055
1055
1055
1055
1055
1055
1055
1055
1055
1055
1055
1055
1055
1055
1055
1055
1055
1055
1055
1055
1055
1055
1055
1055
1055
1055
1055
1055
1055
1055
1055
1055
1055
1055
1055
1055
1055
1055
1055
1055
1055
1055
1055
1055
1055
1055
1055


