0
-1
0
0
0
0
0
1
1
1
2
2
3
4
4
5
6
7
8
9
10
11
12
13
14
15
17
18
19
20
22
23
24
26
27
29
30
32
33
35
36
38
40
41
43
45
46
48
50
51
53
55
57
58
60
62
64
66
67
69
71
73
75
76
78
80
82
84
86
88
90
92
94
96
98
100
102
104
106
108
110
112
114
116
118
120
121
124
126
128
130
132
134
136
138
140
142
144
146
148
150
152
154
156
158
160
163
164
167
169
171
173
175
177
179
181
183
186
188
190
192
194
196
198
200
202
204
206
209
211
213
215
217
219
221
223
226
228
230
232
234
236
238
240
243
245
247
249
251
253
255
257
259
262
264
266
268
270
272
274
276
279
281
283
285
287
289
292
294
296
298
300
302
304
306
308
311
313
315
317
319
321
324
326
328
330
332
334
336
339
341
343
345
347
349
351
354
356
358
360
362
364
366
368
371
373
375
377
379
381
384
386
388
390
392
394
396
398
401
403
405
407
409
411
413
416
418
420
422
424
426
428
431
433
435
437
439
441
444
446
448
450
452
454
456
459
461
463
465
467
469
471
474
476
478
480
482
484
486
489
491
493
495
497
499
501
504
506
508
510
512
514
516
519
521
523
525
527
530
532
534
536
538
540
542
544
547
549
551
553
555
557
559
562
564
566
568
570
572
575
577
579
581
583
585
587
590
592
594
596
598
600
602
604
607
609
611
613
615
618
620
622
624
626
628
630
633
635
637
639
641
643
645
648
650
652
654
656
658
661
663
665
667
669
671
674
676
678
680
682
684
686
688
691
693
695
697
699
701
704
706
708
710
712
714
716
719
721
723
725
727
729
732
734
736
738
740
742
744
747
749
751
753
755
758
760
762
764
766
768
770
773
775
777
779
781
783
786
788
790
792
794
796
798
801
803
805
807
809
811
814
816
818
820
822
824
826
828
831
833
835
837
839
841
844
846
848
850
852
854
857
859
861
863
865
867
870
872
874
876
878
880
882
884
887
889
891
893
895
898
900
902
904
906
908
911
913
915
917
919
921
923
926
928
930
932
934
936
939
941
943
945
947
949
951
954
956
958
960
962
964
967
969
971
973
975
977
979
982
984
986
988
990
992
995
997
999
1001
1003
1005
1008
1010
1012
1014
1016
1018
1020
1023
1025
1027
1029
1031
1033
1035
1038
1040
1042
1044
1046
1048
1051
1053
1055
1057
1059
1062
1064
1066
1068
1070
1072
1074
1076
1079
1081
1083
1085
1087
1089
1092
1094
1096
1098
1100
1102
1105
1107
1109
1111
1113
1115
1117
1120
1122
1124
1126
1128
1130
1132
1135
1137
1139
1141
1143
1146
1148
1150
1152
1154
1156
1158
1161
1163
1165
1167
1169
1171
1173
1176
1178
1180
1182
1184
1187
1189
1191
1193
1195
1197
1199
1202
1204
1206
1208
1210
1212
1214
1217
1219
1221
1223
1225
1227
1229
1231
1233
1235
1237
1239
1241
1242
1244
1245
1247
1248
1250
1251
1252
1254
1255
1256
1257
1258
1259
1260
1261
1262
1263
1264
1264
1265
1266
1267
1267
1268
1269
1269
1270
1270
1271
1272
1272
1272
1273
1273
1274
1274
1275
1275
1275
1276
1276
1276
1277
1277
1277
1277
1278
1278
1278
1278
1279
1279
1279
1279
1279
1280
1280
1280
1280
1280
1280
1281
1281
1281
1281
1281
1281
1281
1281
1281
1281
1281
1281
1281
1281
1281
1281
1281
1281
1281
1281
1281
1281
1281
1281
1281
1281
1281
1281
1281
1281
1281
1281
1280
1280
1280
1280
1280
1280
1280
1280
1280
1280
1280
1280
1279
1279
1279
1279
1279
1279
1279
1279
1279
1279
1279
1279
1279
1279
1279
1279
1279
1279
1279
1279
1279
1279
1279
1279
1279
1279
1279
1279
1279
1279
1279
1279
1279
1279
1279
1279
1279
1279
1279
1279
1279
1280
1280
1280
1280
1280
1280
1280
1280
1280
1280
1280
1280
1280
1280
1280
1280
1280
1280
1280
1280
1280
1280
1280
1280
1280
1280
1280
1280
1280
1280
1280
1280
1280
1280
1280
1280
1280
1280
1280
1280
1280
1280
1280
1280
1280
1280
1280
1280
1280
1280
1280
1280
1280
1280
1280
1280
1280
1280
1280
1280
1280
1280
1280
1280
1280
1280
1280
1280
1280
1280
1280
1280
1280
1280
1280
1280
1280
1280
1280
1280
1280
1280
1280
1280
1280
1280
1280
1280
1280
1280
1280
1280
1280
1280
1280
1280
1280
1280
1280
1280
1280
1280
1280
1280
1280
1280
1280
1280
1280
1280
1280
1280
1280
1280
1280
1280
1280
1280
1280
1280
1280
1280
1280
1280
1280
1280
1280
1280
1280
1280
1280
1280
1280
1280
1280
1280
1280
1280
1280
1280
1280
1280
1280
1280
1280
1280
1280
1280
1280
1280
1280
1280
1280
1280
1280
1280
1280
1280
1280
1280
1280
1280
1280
1280
1280
1280
1280
1280
1280
1280
1280
1280
1280
1280
1280
1280
1280
1280
1280
1280
1280
1280
1280
1280
1280
1280
1280
1280
1280
1280
1280
1280
1280
1280
1280
1280
1280
1280
1280
1280
1280
1280
1280
1280
1280
1280
1280
1280
1280
1280
1280
1280
1280
1280
1280
1280
1280
1280
1280
1280
1280
1280
1280
1280
1280
1280
1280
1280
1280
1280
1280
1280
1280
1280
1280
1280
1280
1280
1280
1280
1280
1280
1280
1280
1280
1280
1280
1280
1280
1280
1280
1280
1280
1280
1280
1280
1280
1280
1280
1280
1280
1280
1280
1280
1280
1280
1280
1280
1280
1280
1280
1280
1280
1280
1280
1280
1280
1280
1280
1280
1280
1280
1280
1280
1280
1280
1280
1280
1280
1280
1280
1280
1280
1280
1280
1280
1280
1280
1280
1280
1280
1280
1280
1280
1280
1280
1280
1280
1280
1280
1280
1280
1280
1280
1280
1280
1280
1280
1280
1280
1280
1280
1280
1280
1280
1280
1280
1280
1280
1280
1280
1280
1280
1280
1280
1280
1280
1280
1280
1280
1280
1280
1280
1280
1280
1280
1280
1280
1280
1280
1280
1280
1280
1280
1280
1280
1280
1280
1280
1280
1280
1280
1280
1280
1280
1280
1280
1280
1280
1280
1280
1280
1280
1280
1280
1280
1280
1280
1280
1280
1280
1280
1280
1280
1280
1280
1280
1280
1280
1280
1280
1280
1280
1280
1280
1280
1280
1280
1280
1280
1280
1280
1280
1280
1280
1280
1280
1280
1280
1280
1280
1280
1280
1280
1280
1280
1280
1280
1280
1280
1280
1280
1280
1280
1280
1280
1280
1280
1280
1280
1280
1280
1280
1280
1280
1280
1280
1280
1280
1280
1280
1280
1280
1280


