0
0
0
0
0
0
0
1
1
2
2
3
4
4
5
6
7
8
10
11
12
13
15
16
17
19
20
22
23
25
26
28
30
31
33
35
36
38
40
42
44
45
47
49
51
53
55
57
59
61
63
65
67
69
71
74
76
78
80
82
84
86
89
91
93
95
97
100
102
104
106
109
111
113
116
118
120
123
125
127
130
132
134
136
139
141
144
146
148
151
153
156
158
160
163
165
167
170
172
175
177
180
182
184
187
189
192
194
196
199
201
204
206
209
211
214
216
219
221
224
226
228
231
233
236
238
241
243
246
248
251
253
256
258
261
263
266
268
271
273
276
278
280
283
286
288
291
293
295
298
300
303
306
308
311
313
316
318
320
323
326
328
331
333
336
338
340
343
346
348
351
353
356
358
361
363
366
368
371
373
376
378
381
383
386
388
391
393
396
398
401
403
406
408
411
414
416
418
421
423
426
428
431
434
436
439
441
444
446
449
451
454
456
459
461
464
466
469
471
474
476
479
481
484
486
489
492
494
497
499
502
504
507
509
512
514
517
519
522
524
527
529
532
534
537
540
542
545
547
550
552
555
557
560
562
565
567
570
572
575
577
580
582
585
588
590
593
595
598
600
603
605
608
610
613
615
618
620
623
625
628
630
633
636
638
641
643
646
648
651
653
656
658
661
663
666
668
671
673
676
678
681
684
686
689
691
694
696
699
701
704
706
709
711
714
716
719
721
724
726
729
732
734
737
739
742
744
747
749
752
754
757
759
762
764
767
769
772
774
777
780
782
785
787
790
792
795
797
800
802
805
807
810
812
815
817
820
823
825
828
830
833
835
838
840
843
846
848
850
853
855
858
860
863
866
868
871
873
876
878
881
883
886
888
891
894
896
899
901
904
906
908
911
914
916
919
921
924
926
929
931
934
936
939
942
944
947
949
952
954
957
959
962
964
967
969
972
974
977
979
982
985
987
990
992
995
997
1000
1002
1005
1007
1010
1012
1015
1017
1020
1022
1025
1028
1030
1033
1035
1038
1040
1043
1045
1048
1050
1053
1055
1058
1060
1063
1066
1068
1071
1073
1076
1078
1081
1083
1086
1088
1091
1093
1096
1098
1101
1103
1106
1108
1111
1114
1116
1119
1121
1124
1126
1129
1131
1134
1136
1139
1141
1144
1146
1149
1152
1154
1156
1159
1162
1164
1167
1169
1172
1174
1177
1179
1182
1184
1187
1190
1192
1195
1197
1200
1202
1205
1207
1210
1212
1215
1217
1220
1222
1225
1228
1230
1233
1235
1238
1240
1243
1245
1248
1250
1253
1255
1258
1260
1263
1266
1268
1271
1273
1276
1278
1281
1283
1286
1288
1291
1293
1296
1298
1301
1303
1306
1309
1311
1314
1316
1319
1321
1324
1326
1329
1331
1334
1336
1339
1341
1344
1347
1349
1352
1354
1357
1359
1362
1364
1367
1369
1372
1374
1377
1379
1382
1384
1387
1390
1392
1395
1397
1400
1402
1405
1407
1410
1412
1415
1418
1420
1423
1425
1428
1430
1433
1435
1438
1440
1443
1445
1447
1450
1452
1454
1456
1458
1460
1462
1464
1466
1467
1469
1471
1472
1474
1475
1476
1478
1479
1480
1481
1483
1484
1485
1486
1487
1488
1488
1489
1490
1491
1492
1493
1493
1494
1495
1495
1496
1497
1497
1498
1498
1499
1499
1500
1500
1501
1501
1501
1502
1502
1502
1503
1503
1504
1504
1504
1504
1505
1505
1505
1506
1506
1506
1506
1506
1506
1507
1507
1507
1507
1507
1507
1507
1507
1507
1508
1508
1508
1508
1508
1508
1508
1508
1508
1508
1508
1508
1508
1508
1508
1508
1508
1508
1508
1508
1508
1508
1508
1508
1508
1508
1508
1508
1508
1508
1508
1508
1508
1508
1508
1508
1508
1508
1508
1508
1508
1508
1508
1508
1508
1508
1508
1508
1508
1508
1508
1508
1508
1508
1508
1508
1508
1508
1508
1508
1508
1508
1508
1508
1508
1508
1508
1508
1508
1508
1508
1508
1508
1508
1508
1508
1508
1508
1508
1508
1508
1508
1508
1508
1508
1508
1508
1508
1508
1508
1508
1508
1508
1508
1508
1508
1508
1508
1508
1508
1508
1508
1508
1508
1508
1508
1508
1508
1508
1508
1508
1508
1508
1508
1508
1508
1508
1508
1508
1508
1508
1508
1508
1508
1508
1508
1508
1508
1508
1508
1508
1508
1508
1508
1508
1508
1508
1508
1508
1508
1508
1508
1508
1508
1508
1508
1508
1508
1508
1508
1508
1508
1508
1508
1508
1508
1508
1508
1508
1508
1508
1508
1508
1508
1508
1508
1508
1508
1508
1508
1508
1508
1508
1508
1508
1508
1508
1508
1508
1508
1508
1508
1508
1508
1508
1508
1508
1508
1508
1508
1508
1508
1508
1508
1508
1508
1508
1508
1508
1508
1508
1508
1508
1508
1508
1508
1508
1508
1508
1508
1508
1508
1508
1508
1508
1508
1508
1508
1508
1508
1508
1508
1508
1508
1508
1508
1508
1508
1508
1508
1508
1508
1508
1508
1508
1508
1508
1508
1508
1508
1508
1508
1508
1508
1508
1508
1508
1508
1508
1508
1508
1508
1508
1508
1508
1508
1508
1508
1508
1508
1508
1508
1508
1508
1508
1508
1508
1508
1508
1508
1508
1508
1508
1508
1508
1508
1508
1508
1508
1508
1508
1508
1508
1508
1508
1508
1508
1508
1508
1508
1508
1508
1508
1508
1508
1508
1508
1508
1508
1508
1508
1508
1508
1508
1508
1508
1508
1508
1508
1508
1508
1508
1508
1508
1508
1508
1508
1508
1508
1508
1508
1508
1508
1508
1508
1508
1508
1508
1508
1508
1508
1508
1508
1508
1508
1508
1508
1508
1508
1508
1508
1508
1508
1508
1508
1508
1508
1508
1508
1508
1508
1508
1508
1508
1508
1508
1508
1508
1508
1508
1508
1508
1508
1508
1508
1508
1508
1508
1508
1508
1508
1508
1508
1508
1508
1508
1508
1508
1508
1508
1508
1508
1508
1508
1508
1508
1508
1508
1508
1508
1508
1508
1508
1508
1508
1508
1508
1508
1508
1508
1508
1508
1508
1508
1508
1508
1508
1508
1508
1508
1508
1508
1508
1508
1508
1508
1508
1508
1508
1508
1508
1508
1508
1508
1508
1508
1508
1508
1508
1508
1508
1508
1508
1508
1508
1508
1508
1508
1508
1508
1508
1508
1508
1508
1508
1508
1508
1508
1508
1508
1508
1508
1508
1508
1508
1508
1508
1508
1508
1508
1508
1508
1508
1508
1508
1508
1508
1508
1508
1508
1508
1508
1508
1508
1508
1508
1508
1508
1508
1508
1508
1508
1508
1508
1508
1508
1508
1508
1508
1508
1508
1508
1508
1508
1508
1508
1508
1508
1508
1508
1508
1508
1508
1508
1508
1508
1508
1508
1508
1508
1508
1508
1508
1508
1508
1508
1508
1508
1508
1508
1508


