0
0
0
0
0
0
0
1
1
2
3
4
4
5
6
7
9
10
11
12
14
15
17
18
20
21
23
25
26
28
30
32
34
36
38
40
42
44
46
48
50
52
54
57
59
61
63
66
68
70
72
75
77
80
82
84
87
89
92
94
97
99
102
104
107
109
112
115
117
120
122
125
127
130
133
135
138
140
143
146
149
151
154
157
159
162
165
168
170
173
176
179
181
184
187
189
192
195
198
201
203
206
209
212
215
217
220
223
226
228
231
234
237
240
243
245
248
251
254
257
260
262
265
268
271
274
276
279
282
285
288
291
294
296
299
302
305
308
311
314
316
319
322
325
328
331
334
336
339
342
345
348
351
354
357
360
362
365
368
371
374
377
380
382
385
388
391
394
397
400
403
406
408
411
414
417
420
423
426
429
431
434
437
440
443
446
449
452
455
458
460
463
466
469
472
475
478
481
484
486
489
492
495
498
501
504
507
510
512
515
518
521
524
527
530
533
536
539
542
544
547
550
553
556
559
562
564
568
570
573
576
579
582
585
588
591
594
597
599
602
605
608
611
614
617
620
623
626
628
631
634
637
640
643
646
649
652
654
657
660
663
666
669
672
675
678
681
684
686
689
692
695
698
701
704
707
710
712
715
718
721
724
727
730
733
736
739
742
744
747
750
753
756
759
762
765
768
771
773
776
779
782
785
788
791
794
797
800
802
805
808
811
814
817
820
823
826
829
832
835
837
840
843
846
849
852
855
858
860
863
866
869
872
875
878
881
884
887
890
892
895
898
901
904
907
910
913
916
919
922
924
927
930
933
936
939
942
945
948
951
953
956
959
962
965
968
971
974
977
980
983
986
988
991
994
997
1000
1003
1006
1009
1012
1015
1018
1020
1023
1026
1029
1032
1035
1038
1041
1044
1047
1049
1052
1055
1058
1061
1064
1067
1070
1073
1076
1079
1081
1084
1087
1090
1093
1096
1099
1102
1105
1108
1111
1113
1116
1119
1122
1125
1128
1131
1134
1137
1140
1143
1145
1148
1151
1154
1157
1160
1163
1166
1169
1172
1175
1177
1180
1183
1186
1189
1192
1195
1198
1201
1204
1207
1209
1212
1215
1218
1221
1224
1227
1230
1233
1236
1239
1241
1244
1247
1250
1253
1256
1259
1262
1265
1268
1271
1273
1276
1279
1282
1285
1288
1291
1294
1297
1300
1303
1306
1308
1311
1314
1317
1320
1323
1326
1329
1332
1335
1337
1340
1343
1346
1349
1352
1355
1358
1361
1364
1367
1370
1372
1375
1378
1381
1384
1387
1390
1393
1396
1399
1402
1404
1407
1410
1413
1416
1419
1422
1425
1428
1431
1433
1436
1439
1442
1445
1448
1451
1454
1457
1460
1463
1466
1468
1471
1474
1477
1480
1483
1486
1489
1492
1495
1498
1500
1503
1506
1509
1512
1515
1518
1521
1524
1527
1530
1532
1535
1538
1541
1544
1547
1550
1553
1556
1559
1562
1564
1567
1570
1573
1576
1579
1582
1585
1588
1591
1594
1597
1600
1602
1605
1608
1611
1614
1617
1620
1623
1626
1628
1631
1634
1637
1640
1643
1646
1649
1652
1655
1658
1660
1663
1666
1668
1671
1673
1676
1678
1680
1682
1684
1686
1688
1690
1692
1694
1695
1697
1698
1700
1701
1703
1704
1705
1707
1708
1709
1710
1711
1712
1713
1714
1715
1716
1717
1718
1719
1719
1720
1721
1721
1722
1723
1723
1724
1724
1725
1726
1726
1726
1727
1727
1728
1728
1729
1729
1729
1730
1730
1730
1731
1731
1731
1731
1732
1732
1732
1732
1732
1732
1733
1733
1733
1733
1733
1733
1733
1733
1734
1734
1734
1734
1734
1734
1734
1734
1734
1735
1735
1735
1735
1735
1735
1735
1735
1735
1736
1736
1736
1736
1736
1736
1736
1736
1736
1736
1736
1736
1736
1736
1736
1736
1736
1736
1736
1736
1736
1736
1736
1736
1736
1736
1736
1736
1736
1736
1736
1736
1736
1736
1736
1736
1736
1736
1736
1736
1736
1736
1736
1736
1736
1736
1736
1736
1736
1736
1736
1736
1736
1736
1736
1736
1736
1736
1736
1736
1736
1736
1736
1736
1736
1736
1736
1736
1736
1736
1736
1736
1736
1736
1736
1736
1736
1736
1736
1736
1736
1736
1736
1736
1736
1736
1736
1736
1736
1736
1736
1736
1736
1736
1736
1736
1736
1736
1736
1736
1736
1736
1736
1736
1736
1736
1736
1736
1736
1736
1736
1736
1736
1736
1736
1736
1736
1736
1736
1736
1736
1736
1736
1736
1736
1736
1736
1736
1736
1736
1736
1736
1736
1736
1736
1736
1736
1736
1736
1736
1736
1736
1736
1736
1736
1736
1736
1736
1736
1736
1736
1736
1736
1736
1736
1736
1736
1736
1736
1736
1736
1736
1736
1736
1736
1736
1736
1736
1736
1736
1736
1736
1736
1736
1736
1736
1736
1736
1736
1736
1736
1736
1736
1736
1736
1736
1736
1736
1736
1736
1736
1736
1736
1736
1736
1736
1736
1736
1736
1736
1736
1736
1736
1736
1736
1736
1736
1736
1736
1736
1736
1736
1736
1736
1736
1736
1736
1736
1736
1736
1736
1736
1736
1736
1736
1736
1736
1736
1736
1736
1736
1736
1736
1736
1736
1736
1736
1736
1736
1736
1736
1736
1736
1736
1736
1736
1736
1736
1736
1736
1736
1736
1736
1736
1736
1736
1736
1736
1736
1736
1736
1736
1736
1736
1736
1736
1736
1736
1736
1736
1736
1736
1736
1736
1736
1736
1736
1736
1736
1736
1736
1736
1736
1736
1736
1736
1736
1736
1736
1736
1736
1736
1736
1736
1736
1736
1736
1736
1736
1736
1736
1736
1736
1736
1736
1736
1736
1736
1736
1736
1736
1736
1736
1736
1736
1736
1736
1736
1736
1736
1736
1736
1736
1736
1736
1736
1736
1736
1736
1736
1736
1736
1736
1736
1736
1736
1736
1736
1736
1736
1736
1736
1736
1736
1736
1736
1736
1736
1736
1736
1736
1736
1736
1736
1736
1736
1736
1736
1736
1736
1736
1736
1736
1736
1736
1736
1736
1736
1736
1736
1736
1736
1736
1736
1736
1736
1736
1736
1736
1736
1736
1736
1736
1736
1736
1736
1736
1736
1736
1736
1736
1736
1736
1736
1736
1736
1736
1736
1736
1736
1736
1736
1736
1736
1736
1736
1736
1736
1736
1736
1736
1736
1736
1736
1736
1736
1736
1736
1736
1736
1736
1736
1736
1736
1736
1736
1736
1736
1736
1736
1736
1736
1736
1736
1736
1736
1736
1736
1736
1736
1736
1736
1736
1736
1736
1736
1736
1736
1736
1736
1736
1736
1736
1736
1736
1736
1736
1736
1736
1736
1736
1736
1736
1736
1736
1736
1736
1736
1736
1736
1736
1736
1736
1736
1736
1736
1736
1736
1736
1736
1736
1736
1736
1736
1736
1736
1736
1736
1736
1736
1736
1736
1736
1736
1736
1736
1736
1736
1736
1736
1736
1736


