0
-1
0
0
0
0
1
1
2
2
3
4
5
6
7
8
10
11
12
14
15
17
19
20
22
24
26
28
30
32
34
36
38
40
42
44
46
49
51
54
56
58
61
63
66
68
71
73
76
78
81
84
86
89
92
94
97
100
103
105
108
111
114
117
119
122
125
128
131
134
137
140
142
146
148
151
154
157
160
163
166
169
172
175
178
181
184
188
191
194
197
200
203
206
209
212
215
219
222
225
228
231
234
237
240
244
247
250
253
256
259
263
266
269
272
275
278
281
285
288
291
294
298
301
304
307
310
314
317
320
323
326
329
333
336
339
342
346
349
352
355
359
362
365
368
372
375
378
381
384
388
391
394
397
401
404
407
410
414
417
420
423
427
430
433
436
440
443
446
450
453
456
459
462
466
469
472
475
479
482
485
489
492
495
498
502
505
508
511
515
518
521
524
528
531
534
538
541
544
547
551
554
557
560
564
567
570
573
577
580
583
586
590
593
596
600
603
606
609
612
616
619
622
626
629
632
636
639
642
645
649
652
655
658
662
665
668
671
675
678
681
685
688
691
694
698
701
704
707
711
714
717
721
724
727
730
734
737
740
744
747
750
753
756
760
763
766
770
773
776
780
783
786
790
793
796
799
803
806
809
812
816
819
822
826
829
832
835
839
842
845
848
852
855
858
861
865
868
871
875
878
881
885
888
891
894
898
901
904
907
911
914
917
921
924
927
930
934
937
940
943
947
950
953
956
960
963
966
970
973
976
980
983
986
989
993
996
999
1002
1006
1009
1012
1016
1019
1022
1026
1029
1032
1035
1039
1042
1045
1048
1052
1055
1058
1062
1065
1068
1071
1075
1078
1081
1084
1088
1091
1094
1098
1101
1104
1108
1111
1114
1117
1121
1124
1127
1130
1134
1137
1140
1144
1147
1150
1153
1157
1160
1163
1167
1170
1173
1176
1180
1183
1186
1190
1193
1196
1199
1203
1206
1209
1213
1216
1219
1222
1226
1229
1232
1235
1239
1242
1245
1249
1252
1255
1259
1262
1265
1268
1272
1275
1278
1281
1285
1288
1291
1294
1298
1301
1304
1308
1311
1314
1318
1321
1324
1327
1331
1334
1337
1340
1344
1347
1350
1354
1357
1360
1364
1367
1370
1373
1377
1380
1383
1386
1390
1393
1396
1400
1403
1406
1410
1413
1416
1419
1423
1426
1429
1432
1436
1439
1442
1446
1449
1452
1455
1459
1462
1465
1468
1472
1475
1478
1482
1485
1488
1492
1495
1498
1501
1505
1508
1511
1514
1518
1521
1524
1528
1531
1534
1537
1541
1544
1547
1551
1554
1557
1560
1564
1567
1570
1574
1577
1580
1583
1587
1590
1593
1597
1600
1603
1606
1610
1613
1616
1620
1623
1626
1629
1633
1636
1639
1643
1646
1649
1652
1656
1659
1662
1666
1669
1672
1675
1679
1682
1685
1688
1692
1695
1698
1702
1705
1708
1711
1715
1718
1721
1724
1728
1731
1734
1738
1741
1744
1748
1751
1754
1757
1761
1764
1767
1771
1774
1777
1780
1784
1787
1790
1794
1797
1800
1803
1807
1810
1813
1816
1820
1823
1826
1830
1833
1836
1840
1843
1846
1849
1853
1856
1859
1863
1866
1869
1872
1875
1878
1881
1884
1887
1889
1892
1894
1897
1899
1901
1903
1906
1908
1910
1912
1913
1915
1917
1918
1920
1922
1923
1925
1926
1927
1929
1930
1931
1932
1934
1935
1936
1937
1938
1939
1939
1940
1941
1942
1943
1943
1944
1945
1945
1946
1947
1947
1948
1948
1949
1949
1950
1950
1950
1951
1951
1952
1952
1952
1953
1953
1953
1954
1954
1954
1954
1955
1955
1955
1955
1955
1955
1956
1956
1956
1956
1956
1956
1956
1956
1956
1956
1956
1956
1956
1957
1957
1957
1957
1957
1957
1957
1957
1957
1957
1957
1957
1957
1957
1957
1957
1957
1957
1958
1958
1958
1958
1958
1958
1958
1958
1958
1958
1958
1958
1958
1958
1959
1959
1959
1959
1959
1959
1959
1959
1959
1959
1959
1960
1960
1960
1960
1960
1960
1960
1960
1960
1960
1960
1960
1960
1960
1960
1960
1960
1960
1960
1960
1960
1960
1960
1960
1960
1960
1960
1960
1960
1960
1960
1960
1960
1960
1960
1960
1960
1960
1960
1960
1960
1960
1960
1960
1960
1960
1960
1960
1960
1960
1960
1960
1960
1960
1960
1960
1960
1960
1960
1960
1960
1960
1960
1960
1960
1960
1960
1960
1960
1960
1960
1960
1960
1960
1960
1960
1960
1960
1960
1960
1960
1960
1960
1960
1960
1960
1960
1960
1960
1960
1960
1960
1960
1960
1960
1960
1960
1960
1960
1960
1960
1960
1960
1960
1960
1960
1960
1960
1960
1960
1960
1960
1960
1960
1960
1960
1960
1960
1960
1960
1960
1960
1960
1960
1960
1960
1960
1960
1960
1960
1960
1960
1960
1960
1960
1960
1960
1960
1960
1960
1960
1960
1960
1960
1960
1960
1960
1960
1960
1960
1960
1960
1960
1960
1960
1960
1960
1960
1960
1960
1960
1960
1960
1960
1960
1960
1960
1960
1960
1960
1960
1960
1960
1960
1960
1960
1960
1960
1960
1960
1960
1960
1960
1960
1960
1960
1960
1960
1960
1960
1960
1960
1960
1960
1960
1960
1960
1960
1960
1960
1960
1960
1960
1960
1960
1960
1960
1960
1960
1960
1960
1960
1960
1960
1960
1960
1960
1960
1960
1960
1960
1960
1960
1960
1960
1960
1960
1960
1960
1960
1960
1960
1960
1960
1960
1960
1960
1960
1960
1960
1960
1960
1960
1960
1960
1960
1960
1960
1960
1960
1960
1960
1960
1960
1960
1960
1960
1960
1960
1960
1960
1960
1960
1960
1960
1960
1960
1960
1960
1960
1960
1960
1960
1960
1960
1960
1960
1960
1960
1960
1960
1960
1960
1960
1960
1960
1960
1960
1960
1960
1960
1960
1960
1960
1960
1960
1960
1960
1960
1960
1960
1960
1960
1960
1960
1960
1960
1960
1960
1960
1960
1960
1960
1960
1960
1960
1960
1960
1960
1960
1960
1960
1960
1960
1960
1960
1960
1960
1960
1960
1960
1960
1960
1960
1960
1960
1960
1960
1960
1960
1960
1960
1960
1960
1960
1960
1960
1960
1960
1960
1960
1960
1960
1960
1960
1960
1960
1960
1960
1960
1960
1960
1960
1960
1960
1960
1960
1960
1960
1960
1960
1960
1960
1960
1960
1960
1960
1960
1960
1960
1960
1960
1960
1960
1960
1960
1960
1960
1960
1960
1960
1960
1960
1960
1960
1960
1960
1960
1960
1960
1960
1960
1960
1960
1960
1960
1960
1960
1960
1960
1960
1960
1960
1960
1960
1960
1960
1960
1960
1960
1960
1960
1960
1960
1960
1960
1960
1960
1960
1960
1960
1960
1960
1960
1960
1960
1960
1960
1960
1960
1960
1960
1960
1960
1960
1960
1960
1960
1960
1960
1960
1960
1960
1960
1960
1960
1960
1960
1960
1960
1960
1960
1960
1960
1960
1960
1960
1960


