1
1
2
2
2
3
4
4
5
7
8
9
11
12
14
16
18
20
22
24
26
28
31
33
35
38
40
43
46
48
51
54
57
60
63
66
69
72
75
78
81
85
88
91
94
98
101
104
108
111
115
118
122
125
129
132
136
140
143
147
151
154
158
162
165
169
173
177
181
184
188
192
196
200
203
207
211
215
219
223
227
231
235
239
243
246
250
254
258
262
266
270
274
278
282
286
290
294
298
302
306
310
315
319
323
327
331
335
339
343
347
351
355
359
363
367
372
376
380
384
388
392
396
400
404
408
412
417
421
425
429
433
437
441
445
449
454
458
462
466
470
474
478
483
487
491
495
499
503
507
512
516
520
524
528
532
536
540
545
549
553
557
561
566
570
574
578
582
586
590
595
599
603
607
611
615
620
624
628
632
636
640
644
649
653
657
661
665
670
674
678
682
686
690
694
699
703
707
711
715
719
724
728
732
736
740
744
749
753
757
761
765
769
774
778
782
786
790
795
799
803
807
811
815
819
824
828
832
836
840
845
849
853
857
861
865
869
874
878
882
886
890
895
899
903
907
911
915
920
924
928
932
936
940
945
949
953
957
961
965
970
974
978
982
986
991
995
999
1003
1007
1011
1015
1020
1024
1028
1032
1036
1041
1045
1049
1053
1057
1061
1066
1070
1074
1078
1082
1087
1091
1095
1099
1103
1107
1111
1116
1120
1124
1128
1132
1137
1141
1145
1149
1153
1157
1162
1166
1170
1174
1178
1183
1187
1191
1195
1199
1203
1207
1212
1216
1220
1224
1228
1233
1237
1241
1245
1249
1253
1258
1262
1266
1270
1274
1279
1283
1287
1291
1295
1299
1303
1308
1312
1316
1320
1324
1329
1333
1337
1341
1345
1349
1354
1358
1362
1366
1370
1375
1379
1383
1387
1391
1395
1399
1404
1408
1412
1416
1420
1424
1429
1433
1437
1441
1445
1450
1454
1458
1462
1466
1470
1475
1479
1483
1487
1491
1495
1500
1504
1508
1512
1516
1520
1525
1529
1533
1537
1541
1545
1550
1554
1558
1562
1566
1571
1575
1579
1583
1587
1591
1595
1600
1604
1608
1612
1616
1621
1625
1629
1633
1637
1641
1645
1650
1654
1658
1662
1667
1671
1675
1679
1683
1687
1691
1696
1700
1704
1708
1712
1716
1721
1725
1729
1733
1737
1741
1746
1750
1754
1758
1762
1767
1771
1775
1779
1783
1787
1791
1796
1800
1804
1808
1812
1817
1821
1825
1829
1833
1837
1841
1846
1850
1854
1858
1863
1867
1871
1875
1879
1883
1887
1892
1896
1900
1904
1908
1913
1917
1921
1925
1929
1933
1937
1942
1946
1950
1954
1958
1963
1967
1971
1975
1979
1983
1987
1992
1996
2000
2004
2008
2013
2017
2021
2025
2029
2033
2037
2042
2046
2050
2054
2058
2063
2067
2071
2075
2079
2083
2087
2092
2096
2100
2104
2108
2113
2117
2121
2125
2129
2133
2137
2142
2146
2150
2154
2158
2163
2167
2171
2175
2179
2183
2188
2192
2196
2200
2204
2208
2212
2217
2221
2225
2229
2233
2238
2242
2246
2250
2254
2258
2263
2267
2271
2275
2279
2283
2288
2292
2296
2300
2304
2308
2313
2317
2321
2325
2329
2333
2338
2342
2346
2350
2354
2358
2363
2367
2371
2375
2379
2383
2388
2392
2396
2400
2404
2408
2412
2416
2420
2425
2429
2433
2437
2441
2445
2449
2453
2457
2461
2465
2469
2473
2477
2480
2484
2488
2492
2496
2500
2504
2508
2511
2515
2519
2523
2527
2531
2535
2538
2542
2546
2549
2553
2557
2561
2564
2568
2572
2576
2579
2583
2587
2590
2594
2597
2601
2604
2608
2612
2615
2619
2623
2626
2630
2633
2637
2640
2644
2647
2651
2654
2657
2661
2664
2668
2671
2675
2678
2682
2685
2688
2692
2695
2698
2702
2705
2708
2712
2715
2719
2722
2725
2728
2732
2735
2738
2741
2745
2748
2751
2754
2757
2761
2764
2767
2770
2773
2776
2780
2783
2786
2789
2792
2795
2798
2801
2804
2807
2810
2814
2817
2820
2823
2826
2829
2832
2835
2837
2840
2843
2846
2849
2852
2855
2858
2861
2864
2867
2870
2873
2876
2878
2881
2884
2887
2890
2892
2895
2898
2901
2904
2907
2909
2912
2915
2918
2920
2923
2926
2929
2931
2934
2937
2939
2942
2945
2947
2950
2953
2955
2958
2961
2963
2966
2968
2971
2974
2976
2979
2981
2984
2986
2989
2991
2994
2997
2999
3002
3004
3007
3009
3012
3014
3017
3019
3022
3024
3026
3029
3031
3034
3036
3038
3041
3043
3045
3048
3050
3053
3055
3057
3060
3062
3064
3067
3069
3071
3074
3076
3078
3080
3083
3085
3087
3089
3092
3094
3096
3098
3101
3103
3105
3107
3109
3112
3114
3116
3118
3120
3122
3124
3127
3129
3131
3133
3135
3137
3139
3141
3143
3146
3148
3150
3152
3154
3156
3158
3160
3162
3164
3166
3168
3170
3172
3174
3176
3178
3180
3182
3184
3186
3188
3190
3192
3193
3195
3197
3199
3201
3203
3205
3207
3209
3211
3212
3214
3216
3218
3220
3222
3223
3225
3227
3229
3231
3232
3234
3236
3238
3240
3241
3243
3245
3247
3248
3250
3252
3254
3255
3257
3259
3260
3262
3264
3265
3267
3269
3270
3272
3274
3275
3277
3279
3280
3282
3284
3285
3287
3288
3290
3292
3293
3295
3296
3298
3300
3301
3303
3304
3306
3307
3309
3310
3312
3313
3315
3316
3318
3319
3321
3322
3324
3325
3327
3328
3330
3331
3332
3334
3335
3337
3338
3340
3341
3343
3344
3345
3347
3348
3350
3351
3352
3354
3355
3356
3358
3359
3360
3362
3363
3364
3366
3367
3368
3370
3371
3372
3373
3375
3376
3377
3379
3380
3381
3382
3384
3385
3386
3387
3389
3390
3391
3392
3394
3395
3396
3397
3398
3400
3401
3402
3403
3404
3406
3407
3408
3409
3410
3411
3412
3414
3415
3416
3417
3418
3419
3420
3421
3422
3423
3425
3426
3427
3428
3429
3430
3431
3432
3433
3434
3435
3436
3438
3439
3440
3441
3442
3443
3444
3445
3446
3447
3448
3449
3450
3451
3452
3453
3454
3455
3455
3456
3457
3458
3459
3460
3461
3462
3463
3464
3465
3466
3467
3468
3468
3469
3470
3471
3472
3473
3474
3475
3476
3476
3477
3478
3479
3480
3481
3482
3483
3483
3484
3485
3486
3487
3488
3488
3489
3490
3491
3492
3492
3493
3494
3495
3495
3496
3497
3498
3499
3499
3500
3501
3502
3502
3503
3504
3504
3505
3506
3507
3507
3508
3509
3509
3510
3511
3511
3512
3513
3514
3514
3515
3516
3516
3517
3518
3518
3519
3520
3520
3521
3522
3522
3523
3523
3524
3525
3525
3526
3527
3527
3528
3528
3529
3530
3530
3531
3531
3532
3533
3533
3534
3534
3535
3535
3536
3536
3537
3538
3538
3539
3539
3540
3540
3541
3541
3542
3542
3543
3543
3544
3545
3545
3546
3546
3547
3547
3548
3548
3548
3549
3549
3550
3550
3551
3551
3552
3552


